Id,Category
0001,0
0002,3
0003,9
0004,0
0005,5
0006,2
0007,2
0008,0
0009,2
0010,3
0011,0
0012,8
0013,9
0014,0
0015,2
0016,0
0017,4
0018,0
0019,9
0020,5
0021,3
0022,0
0023,9
0024,2
0025,0
0026,1
0027,2
0028,6
0029,9
0030,0
0031,3
0032,3
0033,6
0034,0
0035,2
0036,0
0037,9
0038,0
0039,2
0040,0
0041,10
0042,5
0043,5
0044,0
0045,2
0046,1
0047,2
0048,9
0049,0
0050,0
0051,6
0052,9
0053,9
0054,4
0055,0
0056,5
0057,1
0058,0
0059,0
0060,2
0061,7
0062,9
0063,9
0064,2
0065,0
0066,2
0067,6
0068,0
0069,6
0070,2
0071,5
0072,4
0073,0
0074,4
0075,6
0076,1
0077,2
0078,0
0079,0
0080,1
0081,0
0082,0
0083,0
0084,3
0085,5
0086,2
0087,9
0088,2
0089,3
0090,9
0091,0
0092,9
0093,5
0094,0
0095,0
0096,0
0097,6
0098,5
0099,2
0100,5
0101,4
0102,8
0103,0
0104,4
0105,0
0106,4
0107,10
0108,0
0109,10
0110,0
0111,3
0112,1
0113,5
0114,10
0115,0
0116,5
0117,4
0118,0
0119,0
0120,5
0121,0
0122,0
0123,10
0124,2
0125,0
0126,0
0127,0
0128,0
0129,2
0130,0
0131,9
0132,0
0133,2
0134,10
0135,10
0136,0
0137,4
0138,0
0139,6
0140,3
0141,9
0142,1
0143,0
0144,0
0145,0
0146,1
0147,2
0148,10
0149,0
0150,0
0151,0
0152,0
0153,9
0154,10
0155,0
0156,3
0157,9
0158,0
0159,2
0160,2
0161,3
0162,2
0163,1
0164,0
0165,4
0166,9
0167,0
0168,4
0169,2
0170,0
0171,5
0172,4
0173,0
0174,5
0175,3
0176,9
0177,6
0178,5
0179,0
0180,10
0181,3
0182,3
0183,0
0184,2
0185,3
0186,4
0187,0
0188,5
0189,7
0190,6
0191,8
0192,9
0193,0
0194,9
0195,2
0196,9
0197,0
0198,0
0199,2
0200,2
0201,0
0202,0
0203,0
0204,10
0205,2
0206,0
0207,5
0208,0
0209,5
0210,2
0211,10
0212,9
0213,9
0214,2
0215,9
0216,0
0217,0
0218,8
0219,8
0220,0
0221,5
0222,2
0223,2
0224,0
0225,3
0226,4
0227,5
0228,0
0229,5
0230,9
0231,0
0232,2
0233,2
0234,2
0235,0
0236,5
0237,0
0238,9
0239,0
0240,2
0241,4
0242,1
0243,1
0244,0
0245,0
0246,1
0247,6
0248,5
0249,4
0250,2
0251,0
0252,9
0253,5
0254,1
0255,2
0256,3
0257,10
0258,2
0259,0
0260,5
0261,4
0262,0
0263,1
0264,9
0265,9
0266,9
0267,0
0268,2
0269,3
0270,4
0271,0
0272,9
0273,2
0274,9
0275,5
0276,0
0277,4
0278,0
0279,3
0280,10
0281,0
0282,0
0283,0
0284,2
0285,2
0286,0
0287,9
0288,2
0289,0
0290,0
0291,0
0292,0
0293,0
0294,2
0295,8
0296,2
0297,2
0298,5
0299,0
0300,9
0301,3
0302,3
0303,9
0304,4
0305,0
0306,1
0307,10
0308,9
0309,10
0310,9
0311,0
0312,4
0313,3
0314,9
0315,3
0316,5
0317,9
0318,0
0319,9
0320,2
0321,3
0322,4
0323,2
0324,4
0325,5
0326,3
0327,0
0328,0
0329,2
0330,2
0331,4
0332,9
0333,2
0334,6
0335,2
0336,1
0337,8
0338,0
0339,3
0340,4
0341,2
0342,8
0343,9
0344,10
0345,9
0346,2
0347,0
0348,2
0349,3
0350,0
0351,2
0352,0
0353,6
0354,0
0355,3
0356,4
0357,2
0358,0
0359,3
0360,0
0361,0
0362,0
0363,5
0364,0
0365,4
0366,2
0367,2
0368,2
0369,0
0370,4
0371,5
0372,10
0373,8
0374,2
0375,5
0376,10
0377,10
0378,0
0379,10
0380,6
0381,10
0382,2
0383,8
0384,5
0385,10
0386,9
0387,10
0388,0
0389,4
0390,5
0391,2
0392,1
0393,6
0394,4
0395,6
0396,0
0397,10
0398,3
0399,10
0400,10
0401,10
0402,2
0403,10
0404,10
0405,10
0406,10
0407,10
0408,9
0409,2
0410,10
0411,9
0412,6
0413,10
0414,5
0415,10
0416,3
0417,2
0418,10
0419,4
0420,10
0421,10
0422,2
0423,6
0424,5
0425,10
0426,10
0427,10
0428,5
0429,10
0430,9
0431,1
0432,6
0433,3
0434,10
0435,2
0436,2
0437,9
0438,2
0439,5
0440,10
0441,10
0442,10
0443,4
0444,1
0445,8
0446,10
0447,2
0448,10
0449,1
0450,3
0451,10
0452,10
0453,3
0454,0
0455,10
0456,10
0457,0
0458,10
0459,0
0460,6
0461,0
0462,9
0463,2
0464,4
0465,0
0466,1
0467,6
0468,0
0469,6
0470,10
0471,10
0472,10
0473,10
0474,10
0475,5
0476,2
0477,1
0478,2
0479,10
0480,2
0481,10
0482,6
0483,10
0484,10
0485,2
0486,10
0487,5
0488,10
0489,2
0490,10
0491,10
0492,2
0493,1
0494,8
0495,5
0496,10
0497,10
0498,5
0499,9
0500,9
0501,10
0502,0
0503,5
0504,1
0505,10
0506,5
0507,2
0508,10
0509,9
0510,8
0511,10
0512,1
0513,10
0514,2
0515,10
0516,9
0517,10
0518,10
0519,10
0520,2
0521,10
0522,9
0523,6
0524,10
0525,2
0526,1
0527,10
0528,3
0529,7
0530,6
0531,10
0532,5
0533,10
0534,3
0535,10
0536,10
0537,10
0538,10
0539,10
0540,10
0541,10
0542,2
0543,10
0544,0
0545,0
0546,2
0547,6
0548,4
0549,0
0550,10
0551,3
0552,6
0553,4
0554,10
0555,9
0556,5
0557,2
0558,10
0559,9
0560,1
0561,10
0562,0
0563,10
0564,10
0565,1
0566,10
0567,10
0568,7
0569,10
0570,8
0571,9
0572,2
0573,2
0574,0
0575,10
0576,10
0577,9
0578,8
0579,4
0580,10
0581,10
0582,10
0583,0
0584,10
0585,10
0586,2
0587,2
0588,2
0589,5
0590,10
0591,10
0592,10
0593,6
0594,5
0595,10
0596,5
0597,10
0598,10
0599,8
0600,1
0601,1
0602,2
0603,0
0604,8
0605,1
0606,5
0607,2
0608,5
0609,0
0610,0
0611,2
0612,0
0613,0
0614,1
0615,9
0616,2
0617,2
0618,1
0619,2
0620,10
0621,2
0622,9
0623,1
0624,0
0625,3
0626,1
0627,10
0628,0
0629,4
0630,2
0631,1
0632,8
0633,4
0634,0
0635,9
0636,2
0637,0
0638,3
0639,5
0640,8
0641,0
0642,2
0643,1
0644,8
0645,5
0646,9
0647,0
0648,2
0649,0
0650,2
0651,0
0652,0
0653,1
0654,1
0655,2
0656,1
0657,7
0658,3
0659,9
0660,9
0661,1
0662,2
0663,0
0664,1
0665,0
0666,1
0667,1
0668,8
0669,2
0670,1
0671,0
0672,1
0673,1
0674,3
0675,3
0676,5
0677,9
0678,2
0679,0
0680,9
0681,2
0682,5
0683,10
0684,0
0685,9
0686,1
0687,9
0688,2
0689,10
0690,2
0691,1
0692,3
0693,4
0694,0
0695,1
0696,9
0697,3
0698,0
0699,2
0700,3
0701,1
0702,2
0703,2
0704,3
0705,1
0706,1
0707,0
0708,1
0709,1
0710,2
0711,2
0712,9
0713,1
0714,0
0715,0
0716,4
0717,9
0718,1
0719,5
0720,9
0721,0
0722,3
0723,2
0724,2
0725,1
0726,0
0727,0
0728,6
0729,1
0730,1
0731,6
0732,2
0733,2
0734,4
0735,5
0736,5
0737,1
0738,2
0739,1
0740,3
0741,1
0742,3
0743,1
0744,5
0745,2
0746,10
0747,1
0748,0
0749,2
0750,2
0751,1
0752,2
0753,8
0754,5
0755,0
0756,10
0757,0
0758,2
0759,0
0760,2
0761,0
0762,5
0763,8
0764,5
0765,5
0766,8
0767,9
0768,10
0769,5
0770,2
0771,2
0772,9
0773,2
0774,2
0775,3
0776,4
0777,2
0778,2
0779,2
0780,2
0781,2
0782,1
0783,0
0784,5
0785,4
0786,5
0787,2
0788,3
0789,2
0790,5
0791,2
0792,5
0793,2
0794,5
0795,6
0796,2
0797,0
0798,2
0799,5
0800,0
0801,2
0802,2
0803,3
0804,2
0805,5
0806,2
0807,2
0808,2
0809,2
0810,5
0811,2
0812,2
0813,8
0814,2
0815,2
0816,1
0817,5
0818,1
0819,2
0820,2
0821,9
0822,2
0823,2
0824,2
0825,2
0826,2
0827,5
0828,1
0829,5
0830,0
0831,0
0832,2
0833,10
0834,2
0835,1
0836,9
0837,10
0838,5
0839,2
0840,0
0841,2
0842,2
0843,0
0844,2
0845,2
0846,9
0847,2
0848,5
0849,5
0850,2
0851,2
0852,5
0853,1
0854,0
0855,2
0856,0
0857,1
0858,2
0859,9
0860,2
0861,9
0862,5
0863,2
0864,2
0865,9
0866,5
0867,4
0868,2
0869,2
0870,3
0871,10
0872,9
0873,2
0874,5
0875,2
0876,10
0877,0
0878,1
0879,2
0880,0
0881,3
0882,1
0883,2
0884,2
0885,1
0886,5
0887,5
0888,2
0889,2
0890,2
0891,5
0892,3
0893,5
0894,2
0895,2
0896,5
0897,1
0898,2
0899,1
0900,9
0901,2
0902,2
0903,2
0904,5
0905,2
0906,5
0907,2
0908,5
0909,2
0910,3
0911,2
0912,5
0913,8
0914,2
0915,2
0916,8
0917,0
0918,2
0919,1
0920,2
0921,9
0922,3
0923,2
0924,10
0925,2
0926,5
0927,9
0928,8
0929,2
0930,2
0931,8
0932,2
0933,9
0934,3
0935,2
0936,0
0937,5
0938,9
0939,8
0940,2
0941,5
0942,9
0943,8
0944,9
0945,9
0946,2
0947,9
0948,2
0949,2
0950,0
0951,4
0952,2
0953,2
0954,2
0955,2
0956,4
0957,2
0958,2
0959,0
0960,2
0961,2
0962,10
0963,2
0964,2
0965,1
0966,8
0967,2
0968,2
0969,5
0970,2
0971,2
0972,1
0973,2
0974,2
0975,8
0976,2
0977,2
0978,3
0979,0
0980,5
0981,9
0982,2
0983,2
0984,4
0985,9
0986,2
0987,10
0988,9
0989,2
0990,3
0991,9
0992,9
0993,2
0994,7
0995,3
0996,5
0997,10
0998,10
0999,2
1000,2
1001,2
1002,5
1003,2
1004,5
1005,9
1006,9
1007,2
1008,2
1009,2
1010,10
1011,4
1012,10
1013,1
1014,9
1015,0
1016,2
1017,3
1018,5
1019,5
1020,2
1021,9
1022,2
1023,0
1024,1
1025,2
1026,2
1027,8
1028,0
1029,5
1030,1
1031,8
1032,1
1033,5
1034,2
1035,3
1036,6
1037,2
1038,2
1039,2
1040,2
1041,2
1042,2
1043,8
1044,2
1045,6
1046,2
1047,2
1048,3
1049,2
1050,3
1051,2
1052,1
1053,5
1054,10
1055,0
1056,9
1057,8
1058,0
1059,2
1060,2
1061,3
1062,9
1063,3
1064,5
1065,9
1066,2
1067,2
1068,8
1069,10
1070,0
1071,2
1072,8
1073,2
1074,2
1075,9
1076,9
1077,2
1078,2
1079,9
1080,5
1081,8
1082,2
1083,1
1084,8
1085,9
1086,2
1087,2
1088,9
1089,9
1090,5
1091,8
1092,2
1093,10
1094,2
1095,0
1096,5
1097,0
1098,10
1099,2
1100,0
1101,2
1102,9
1103,5
1104,5
1105,9
1106,0
1107,3
1108,3
1109,0
1110,0
1111,0
1112,2
1113,0
1114,6
1115,2
1116,2
1117,1
1118,5
1119,2
1120,9
1121,2
1122,2
1123,2
1124,2
1125,3
1126,5
1127,2
1128,2
1129,2
1130,9
1131,2
1132,6
1133,9
1134,2
1135,2
1136,2
1137,6
1138,2
1139,0
1140,4
1141,9
1142,2
1143,2
1144,0
1145,2
1146,2
1147,10
1148,10
1149,5
1150,2
1151,9
1152,5
1153,1
1154,4
1155,0
1156,1
1157,2
1158,5
1159,5
1160,2
1161,2
1162,5
1163,1
1164,5
1165,6
1166,2
1167,10
1168,2
1169,2
1170,1
1171,2
1172,3
1173,1
1174,9
1175,3
1176,0
1177,2
1178,2
1179,10
1180,5
1181,2
1182,2
1183,2
1184,2
1185,1
1186,2
1187,5
1188,2
1189,4
1190,6
1191,9
1192,5
1193,3
1194,3
1195,2
1196,2
1197,9
1198,1
1199,0
1200,2
1201,5
1202,2
1203,2
1204,5
1205,8
1206,2
1207,2
1208,2
1209,0
1210,2
1211,2
1212,2
1213,9
1214,5
1215,5
1216,9
1217,9
1218,2
1219,5
1220,2
1221,0
1222,3
1223,2
1224,10
1225,8
1226,3
1227,4
1228,9
1229,2
1230,5
1231,2
1232,9
1233,2
1234,0
1235,2
1236,2
1237,1
1238,2
1239,2
1240,5
1241,6
1242,5
1243,5
1244,9
1245,2
1246,2
1247,2
1248,5
1249,3
1250,2
1251,10
1252,0
1253,3
1254,10
1255,3
1256,4
1257,3
1258,10
1259,3
1260,3
1261,2
1262,0
1263,3
1264,10
1265,1
1266,2
1267,3
1268,1
1269,3
1270,1
1271,0
1272,3
1273,9
1274,2
1275,9
1276,9
1277,9
1278,9
1279,9
1280,2
1281,2
1282,2
1283,1
1284,8
1285,3
1286,2
1287,4
1288,3
1289,4
1290,10
1291,6
1292,5
1293,0
1294,4
1295,3
1296,0
1297,2
1298,0
1299,6
1300,3
1301,2
1302,0
1303,2
1304,3
1305,2
1306,0
1307,3
1308,0
1309,2
1310,3
1311,2
1312,3
1313,0
1314,9
1315,0
1316,2
1317,3
1318,8
1319,2
1320,3
1321,9
1322,3
1323,8
1324,2
1325,2
1326,0
1327,4
1328,2
1329,1
1330,10
1331,0
1332,9
1333,5
1334,6
1335,0
1336,3
1337,3
1338,1
1339,3
1340,5
1341,2
1342,5
1343,2
1344,3
1345,3
1346,3
1347,0
1348,6
1349,1
1350,4
1351,1
1352,3
1353,4
1354,3
1355,2
1356,1
1357,2
1358,0
1359,6
1360,3
1361,1
1362,0
1363,2
1364,9
1365,4
1366,1
1367,5
1368,10
1369,2
1370,5
1371,0
1372,9
1373,5
1374,3
1375,9
1376,9
1377,0
1378,2
1379,9
1380,3
1381,1
1382,1
1383,3
1384,3
1385,0
1386,1
1387,0
1388,0
1389,1
1390,0
1391,3
1392,2
1393,3
1394,9
1395,9
1396,3
1397,9
1398,3
1399,3
1400,0
1401,10
1402,3
1403,0
1404,9
1405,9
1406,2
1407,3
1408,3
1409,3
1410,10
1411,0
1412,0
1413,5
1414,1
1415,2
1416,9
1417,3
1418,0
1419,0
1420,1
1421,2
1422,6
1423,0
1424,9
1425,2
1426,3
1427,1
1428,3
1429,2
1430,1
1431,2
1432,0
1433,0
1434,10
1435,3
1436,0
1437,10
1438,3
1439,3
1440,9
1441,8
1442,2
1443,2
1444,3
1445,9
1446,2
1447,3
1448,2
1449,2
1450,3
1451,5
1452,3
1453,0
1454,4
1455,3
1456,0
1457,2
1458,0
1459,2
1460,10
1461,9
1462,0
1463,0
1464,6
1465,1
1466,4
1467,9
1468,10
1469,9
1470,0
1471,2
1472,3
1473,2
1474,0
1475,3
1476,6
1477,3
1478,1
1479,3
1480,4
1481,1
1482,3
1483,1
1484,0
1485,9
1486,1
1487,1
1488,2
1489,9
1490,5
1491,2
1492,1
1493,0
1494,3
1495,2
1496,5
1497,2
1498,9
1499,0
1500,1
1501,2
1502,9
1503,8
1504,9
1505,2
1506,0
1507,3
1508,9
1509,5
1510,3
1511,2
1512,4
1513,9
1514,4
1515,1
1516,9
1517,9
1518,3
1519,3
1520,2
1521,3
1522,3
1523,2
1524,1
1525,0
1526,0
1527,3
1528,3
1529,1
1530,0
1531,2
1532,0
1533,2
1534,10
1535,3
1536,3
1537,0
1538,0
1539,9
1540,10
1541,1
1542,0
1543,2
1544,1
1545,3
1546,2
1547,9
1548,3
1549,5
1550,3
1551,6
1552,6
1553,3
1554,5
1555,3
1556,0
1557,5
1558,6
1559,9
1560,9
1561,0
1562,3
1563,0
1564,2
1565,4
1566,4
1567,3
1568,3
1569,0
1570,0
1571,6
1572,6
1573,6
1574,0
1575,1
1576,0
1577,3
1578,2
1579,0
1580,0
1581,5
1582,8
1583,4
1584,2
1585,9
1586,1
1587,0
1588,6
1589,2
1590,2
1591,9
1592,0
1593,4
1594,9
1595,0
1596,3
1597,4
1598,2
1599,3
1600,4
1601,3
1602,4
1603,0
1604,10
1605,4
1606,4
1607,4
1608,4
1609,3
1610,9
1611,2
1612,4
1613,4
1614,3
1615,4
1616,4
1617,2
1618,9
1619,4
1620,4
1621,0
1622,3
1623,9
1624,9
1625,5
1626,0
1627,3
1628,2
1629,1
1630,8
1631,6
1632,4
1633,5
1634,0
1635,9
1636,4
1637,2
1638,4
1639,5
1640,4
1641,0
1642,10
1643,5
1644,5
1645,2
1646,9
1647,8
1648,2
1649,2
1650,0
1651,3
1652,0
1653,4
1654,4
1655,0
1656,4
1657,9
1658,2
1659,2
1660,0
1661,3
1662,4
1663,0
1664,9
1665,9
1666,3
1667,0
1668,5
1669,6
1670,2
1671,0
1672,4
1673,0
1674,2
1675,2
1676,2
1677,0
1678,9
1679,5
1680,5
1681,4
1682,9
1683,4
1684,2
1685,0
1686,2
1687,0
1688,4
1689,2
1690,2
1691,9
1692,0
1693,4
1694,0
1695,4
1696,3
1697,4
1698,9
1699,1
1700,9
1701,2
1702,9
1703,2
1704,5
1705,5
1706,0
1707,6
1708,8
1709,0
1710,2
1711,10
1712,4
1713,0
1714,5
1715,0
1716,2
1717,4
1718,1
1719,9
1720,3
1721,10
1722,4
1723,6
1724,4
1725,0
1726,2
1727,3
1728,0
1729,2
1730,4
1731,0
1732,0
1733,4
1734,5
1735,9
1736,0
1737,4
1738,10
1739,10
1740,0
1741,9
1742,0
1743,0
1744,9
1745,4
1746,0
1747,6
1748,9
1749,4
1750,10
1751,0
1752,0
1753,4
1754,4
1755,0
1756,4
1757,4
1758,5
1759,2
1760,2
1761,3
1762,5
1763,2
1764,4
1765,4
1766,9
1767,4
1768,7
1769,9
1770,2
1771,2
1772,9
1773,0
1774,4
1775,6
1776,0
1777,4
1778,3
1779,3
1780,0
1781,4
1782,4
1783,4
1784,3
1785,4
1786,4
1787,9
1788,2
1789,2
1790,2
1791,0
1792,2
1793,0
1794,5
1795,0
1796,2
1797,9
1798,9
1799,5
1800,0
1801,4
1802,4
1803,10
1804,2
1805,4
1806,4
1807,7
1808,5
1809,4
1810,5
1811,0
1812,3
1813,10
1814,0
1815,10
1816,3
1817,1
1818,2
1819,4
1820,0
1821,10
1822,9
1823,4
1824,1
1825,3
1826,5
1827,6
1828,2
1829,4
1830,2
1831,9
1832,0
1833,0
1834,8
1835,9
1836,3
1837,0
1838,1
1839,0
1840,10
1841,2
1842,5
1843,3
1844,2
1845,0
1846,3
1847,8
1848,9
1849,9
1850,3
1851,4
1852,2
1853,5
1854,10
1855,2
1856,5
1857,5
1858,2
1859,5
1860,2
1861,0
1862,4
1863,4
1864,9
1865,3
1866,4
1867,0
1868,4
1869,6
1870,2
1871,5
1872,2
1873,0
1874,5
1875,3
1876,5
1877,5
1878,0
1879,2
1880,5
1881,2
1882,5
1883,2
1884,2
1885,5
1886,5
1887,2
1888,5
1889,2
1890,5
1891,5
1892,2
1893,0
1894,2
1895,5
1896,2
1897,0
1898,5
1899,5
1900,8
1901,5
1902,5
1903,2
1904,2
1905,5
1906,2
1907,5
1908,3
1909,2
1910,5
1911,5
1912,5
1913,8
1914,5
1915,9
1916,5
1917,0
1918,2
1919,2
1920,2
1921,5
1922,2
1923,9
1924,2
1925,10
1926,2
1927,5
1928,5
1929,5
1930,8
1931,5
1932,5
1933,5
1934,2
1935,0
1936,5
1937,2
1938,5
1939,2
1940,9
1941,5
1942,5
1943,2
1944,5
1945,5
1946,5
1947,5
1948,5
1949,0
1950,5
1951,5
1952,5
1953,5
1954,2
1955,5
1956,5
1957,5
1958,5
1959,2
1960,5
1961,5
1962,5
1963,2
1964,0
1965,2
1966,0
1967,2
1968,5
1969,5
1970,5
1971,2
1972,5
1973,5
1974,5
1975,6
1976,2
1977,0
1978,5
1979,5
1980,5
1981,2
1982,2
1983,5
1984,9
1985,2
1986,5
1987,5
1988,2
1989,5
1990,2
1991,5
1992,3
1993,2
1994,5
1995,5
1996,3
1997,5
1998,5
1999,5
2000,5
2001,2
2002,0
2003,8
2004,4
2005,5
2006,5
2007,5
2008,5
2009,2
2010,2
2011,2
2012,5
2013,10
2014,5
2015,5
2016,0
2017,2
2018,10
2019,5
2020,5
2021,5
2022,5
2023,2
2024,3
2025,5
2026,2
2027,2
2028,5
2029,2
2030,5
2031,6
2032,5
2033,5
2034,5
2035,4
2036,0
2037,2
2038,9
2039,2
2040,2
2041,5
2042,5
2043,2
2044,5
2045,3
2046,0
2047,5
2048,5
2049,5
2050,2
2051,2
2052,0
2053,2
2054,0
2055,5
2056,5
2057,2
2058,5
2059,3
2060,9
2061,5
2062,5
2063,0
2064,5
2065,5
2066,2
2067,0
2068,5
2069,5
2070,2
2071,0
2072,5
2073,4
2074,1
2075,10
2076,9
2077,5
2078,5
2079,5
2080,5
2081,5
2082,5
2083,2
2084,9
2085,5
2086,5
2087,5
2088,9
2089,5
2090,5
2091,2
2092,2
2093,2
2094,5
2095,10
2096,4
2097,5
2098,5
2099,5
2100,5
2101,5
2102,9
2103,5
2104,8
2105,2
2106,5
2107,2
2108,2
2109,5
2110,8
2111,5
2112,2
2113,5
2114,8
2115,10
2116,5
2117,2
2118,5
2119,5
2120,5
2121,10
2122,3
2123,2
2124,9
2125,5
2126,5
2127,6
2128,5
2129,5
2130,5
2131,4
2132,5
2133,5
2134,8
2135,5
2136,5
2137,2
2138,5
2139,2
2140,2
2141,5
2142,5
2143,2
2144,9
2145,0
2146,2
2147,5
2148,2
2149,5
2150,9
2151,2
2152,5
2153,5
2154,10
2155,5
2156,8
2157,5
2158,5
2159,2
2160,8
2161,3
2162,9
2163,5
2164,5
2165,5
2166,5
2167,5
2168,5
2169,5
2170,5
2171,2
2172,5
2173,5
2174,4
2175,5
2176,4
2177,5
2178,3
2179,2
2180,2
2181,9
2182,5
2183,2
2184,5
2185,2
2186,2
2187,6
2188,5
2189,5
2190,5
2191,9
2192,5
2193,2
2194,2
2195,5
2196,0
2197,5
2198,2
2199,8
2200,5
2201,5
2202,5
2203,5
2204,5
2205,5
2206,2
2207,5
2208,5
2209,2
2210,5
2211,2
2212,2
2213,2
2214,5
2215,5
2216,5
2217,4
2218,9
2219,2
2220,5
2221,0
2222,8
2223,9
2224,5
2225,5
2226,1
2227,8
2228,5
2229,2
2230,5
2231,5
2232,3
2233,2
2234,8
2235,4
2236,8
2237,0
2238,4
2239,9
2240,5
2241,5
2242,5
2243,2
2244,2
2245,5
2246,5
2247,2
2248,0
2249,5
2250,1
2251,5
2252,9
2253,2
2254,2
2255,9
2256,5
2257,5
2258,5
2259,5
2260,9
2261,2
2262,5
2263,5
2264,8
2265,2
2266,5
2267,2
2268,9
2269,5
2270,5
2271,5
2272,5
2273,2
2274,2
2275,5
2276,5
2277,2
2278,5
2279,5
2280,9
2281,5
2282,10
2283,0
2284,2
2285,5
2286,2
2287,5
2288,2
2289,5
2290,5
2291,5
2292,2
2293,3
2294,5
2295,10
2296,5
2297,5
2298,8
2299,5
2300,5
2301,5
2302,6
2303,10
2304,0
2305,2
2306,7
2307,10
2308,4
2309,6
2310,4
2311,2
2312,6
2313,9
2314,2
2315,9
2316,0
2317,9
2318,0
2319,9
2320,0
2321,9
2322,9
2323,10
2324,10
2325,4
2326,5
2327,9
2328,9
2329,6
2330,6
2331,0
2332,3
2333,6
2334,0
2335,0
2336,6
2337,9
2338,6
2339,9
2340,6
2341,2
2342,6
2343,6
2344,6
2345,9
2346,2
2347,3
2348,5
2349,4
2350,10
2351,1
2352,0
2353,6
2354,7
2355,1
2356,0
2357,2
2358,6
2359,7
2360,4
2361,1
2362,5
2363,9
2364,1
2365,9
2366,6
2367,9
2368,2
2369,0
2370,3
2371,0
2372,1
2373,2
2374,0
2375,5
2376,6
2377,3
2378,1
2379,6
2380,0
2381,6
2382,6
2383,3
2384,0
2385,9
2386,6
2387,2
2388,6
2389,4
2390,9
2391,0
2392,6
2393,9
2394,3
2395,3
2396,6
2397,0
2398,10
2399,1
2400,4
2401,0
2402,4
2403,9
2404,6
2405,9
2406,3
2407,5
2408,5
2409,1
2410,6
2411,9
2412,5
2413,9
2414,5
2415,0
2416,4
2417,3
2418,9
2419,3
2420,8
2421,3
2422,10
2423,5
2424,2
2425,9
2426,0
2427,1
2428,6
2429,9
2430,6
2431,3
2432,2
2433,5
2434,4
2435,0
2436,6
2437,1
2438,3
2439,1
2440,3
2441,4
2442,10
2443,5
2444,3
2445,1
2446,0
2447,4
2448,6
2449,7
2450,10
2451,0
2452,0
2453,10
2454,4
2455,0
2456,4
2457,9
2458,6
2459,9
2460,10
2461,9
2462,5
2463,7
2464,1
2465,1
2466,3
2467,3
2468,6
2469,3
2470,0
2471,0
2472,1
2473,0
2474,0
2475,5
2476,6
2477,2
2478,10
2479,2
2480,9
2481,10
2482,5
2483,9
2484,0
2485,3
2486,0
2487,4
2488,1
2489,6
2490,9
2491,1
2492,10
2493,3
2494,1
2495,3
2496,9
2497,2
2498,9
2499,1
2500,0
2501,3
2502,9
2503,2
2504,2
2505,4
2506,0
2507,3
2508,0
2509,6
2510,0
2511,1
2512,9
2513,1
2514,9
2515,10
2516,3
2517,0
2518,4
2519,6
2520,9
2521,0
2522,1
2523,9
2524,4
2525,9
2526,2
2527,6
2528,10
2529,1
2530,3
2531,9
2532,0
2533,4
2534,4
2535,7
2536,1
2537,0
2538,0
2539,6
2540,10
2541,9
2542,10
2543,0
2544,3
2545,2
2546,8
2547,2
2548,9
2549,5
2550,9
2551,10
2552,1
2553,8
2554,8
2555,6
2556,5
2557,2
2558,2
2559,8
2560,8
2561,0
2562,8
2563,8
2564,9
2565,0
2566,9
2567,9
2568,8
2569,2
2570,5
2571,5
2572,8
2573,9
2574,8
2575,5
2576,1
2577,9
2578,2
2579,4
2580,2
2581,4
2582,10
2583,3
2584,8
2585,2
2586,8
2587,8
2588,9
2589,0
2590,0
2591,2
2592,2
2593,9
2594,2
2595,8
2596,1
2597,8
2598,9
2599,9
2600,5
2601,8
2602,7
2603,5
2604,8
2605,8
2606,2
2607,0
2608,1
2609,9
2610,5
2611,9
2612,5
2613,8
2614,0
2615,10
2616,0
2617,0
2618,2
2619,5
2620,4
2621,8
2622,2
2623,2
2624,8
2625,0
2626,8
2627,2
2628,3
2629,9
2630,8
2631,0
2632,5
2633,10
2634,5
2635,4
2636,3
2637,8
2638,2
2639,8
2640,5
2641,5
2642,9
2643,5
2644,3
2645,8
2646,2
2647,5
2648,4
2649,9
2650,2
2651,8
2652,2
2653,5
2654,4
2655,10
2656,1
2657,1
2658,2
2659,0
2660,8
2661,3
2662,3
2663,2
2664,8
2665,2
2666,9
2667,5
2668,8
2669,1
2670,5
2671,9
2672,8
2673,9
2674,8
2675,3
2676,0
2677,2
2678,1
2679,5
2680,2
2681,4
2682,2
2683,8
2684,9
2685,3
2686,2
2687,8
2688,3
2689,8
2690,2
2691,5
2692,8
2693,5
2694,2
2695,5
2696,2
2697,9
2698,2
2699,5
2700,2
2701,8
2702,2
2703,5
2704,8
2705,2
2706,0
2707,9
2708,4
2709,1
2710,8
2711,3
2712,2
2713,0
2714,8
2715,9
2716,9
2717,0
2718,0
2719,8
2720,2
2721,5
2722,8
2723,2
2724,5
2725,9
2726,2
2727,9
2728,3
2729,2
2730,0
2731,1
2732,1
2733,0
2734,0
2735,2
2736,8
2737,8
2738,0
2739,10
2740,0
2741,10
2742,0
2743,0
2744,2
2745,2
2746,5
2747,9
2748,5
2749,0
2750,2
2751,0
2752,9
2753,5
2754,8
2755,0
2756,2
2757,9
2758,3
2759,10
2760,5
2761,2
2762,10
2763,2
2764,2
2765,8
2766,8
2767,8
2768,0
2769,1
2770,0
2771,8
2772,8
2773,2
2774,8
2775,5
2776,0
2777,0
2778,9
2779,0
2780,2
2781,2
2782,0
2783,2
2784,2
2785,0
2786,9
2787,2
2788,2
2789,2
2790,0
2791,2
2792,5
2793,5
2794,1
2795,4
2796,5
2797,5
2798,4
2799,8
2800,5
2801,1
2802,2
2803,8
2804,2
2805,3
2806,0
2807,5
2808,9
2809,5
2810,0
2811,9
2812,5
2813,8
2814,8
2815,0
2816,5
2817,2
2818,8
2819,9
2820,3
2821,2
2822,9
2823,8
2824,1
2825,10
2826,10
2827,2
2828,10
2829,10
2830,8
2831,9
2832,8
2833,5
2834,2
2835,2
2836,9
2837,3
2838,5
2839,5
2840,2
2841,0
2842,4
2843,2
2844,3
2845,8
2846,3
2847,3
2848,2
2849,9
2850,9
2851,9
2852,2
2853,2
2854,0
2855,4
2856,4
2857,9
2858,9
2859,9
2860,9
2861,9
2862,2
2863,2
2864,9
2865,0
2866,9
2867,9
2868,9
2869,0
2870,0
2871,8
2872,9
2873,9
2874,9
2875,2
2876,9
2877,2
2878,0
2879,9
2880,9
2881,2
2882,5
2883,8
2884,6
2885,0
2886,2
2887,9
2888,9
2889,6
2890,4
2891,2
2892,0
2893,6
2894,9
2895,9
2896,3
2897,9
2898,9
2899,1
2900,0
2901,9
2902,8
2903,9
2904,6
2905,9
2906,9
2907,9
2908,9
2909,8
2910,3
2911,9
2912,3
2913,2
2914,9
2915,9
2916,9
2917,9
2918,9
2919,5
2920,5
2921,6
2922,2
2923,2
2924,9
2925,9
2926,9
2927,5
2928,2
2929,1
2930,9
2931,3
2932,0
2933,0
2934,9
2935,9
2936,6
2937,6
2938,5
2939,9
2940,9
2941,9
2942,8
2943,1
2944,2
2945,1
2946,5
2947,2
2948,2
2949,9
2950,9
2951,9
2952,2
2953,9
2954,2
2955,9
2956,9
2957,9
2958,9
2959,2
2960,0
2961,3
2962,5
2963,2
2964,9
2965,5
2966,9
2967,8
2968,9
2969,5
2970,9
2971,9
2972,9
2973,9
2974,5
2975,8
2976,9
2977,1
2978,5
2979,9
2980,9
2981,9
2982,1
2983,10
2984,6
2985,0
2986,9
2987,9
2988,10
2989,5
2990,0
2991,8
2992,6
2993,1
2994,9
2995,9
2996,2
2997,9
2998,6
2999,9
3000,9
3001,0
3002,3
3003,4
3004,9
3005,10
3006,1
3007,0
3008,9
3009,9
3010,2
3011,6
3012,9
3013,9
3014,6
3015,2
3016,9
3017,9
3018,9
3019,9
3020,0
3021,0
3022,9
3023,2
3024,9
3025,9
3026,9
3027,0
3028,9
3029,9
3030,10
3031,0
3032,2
3033,2
3034,9
3035,3
3036,5
3037,9
3038,6
3039,9
3040,9
3041,0
3042,9
3043,5
3044,0
3045,4
3046,2
3047,6
3048,9
3049,9
3050,9
3051,1
3052,9
3053,9
3054,9
3055,9
3056,9
3057,9
3058,9
3059,5
3060,5
3061,5
3062,3
3063,6
3064,9
3065,9
3066,5
3067,1
3068,8
3069,0
3070,9
3071,2
3072,8
3073,1
3074,2
3075,1
3076,0
3077,9
3078,9
3079,9
3080,9
3081,3
3082,0
3083,4
3084,1
3085,9
3086,9
3087,9
3088,9
3089,2
3090,2
3091,9
3092,2
3093,2
3094,2
3095,5
3096,9
3097,9
3098,2
3099,0
3100,5
3101,2
3102,4
3103,9
3104,9
3105,2
3106,2
3107,9
3108,0
3109,5
3110,9
3111,6
3112,8
3113,2
3114,9
3115,1
3116,3
3117,9
3118,9
3119,3
3120,3
3121,5
3122,9
3123,4
3124,8
3125,1
3126,9
3127,0
3128,10
3129,9
3130,2
3131,9
3132,9
3133,9
3134,9
3135,9
3136,4
3137,9
3138,5
3139,1
3140,0
3141,9
3142,8
3143,0
3144,9
3145,2
3146,9
3147,9
3148,1
3149,1
3150,9
3151,9
3152,5
3153,9
3154,1
3155,6
3156,9
3157,7
3158,2
3159,9
3160,1
3161,6
3162,9
3163,5
3164,1
3165,9
3166,9
3167,8
3168,6
3169,4
3170,9
3171,9
3172,0
3173,2
3174,0
3175,4
3176,2
3177,9
3178,10
3179,9
3180,9
3181,1
3182,9
3183,1
3184,9
3185,2
3186,9
3187,9
3188,1
3189,10
3190,10
3191,9
3192,9
3193,0
3194,0
3195,9
3196,9
3197,9
3198,6
3199,9
3200,0
3201,6
3202,1
3203,10
3204,9
3205,5
3206,9
3207,3
3208,9
3209,0
3210,5
3211,2
3212,0
3213,9
3214,1
3215,10
3216,6
3217,9
3218,8
3219,2
3220,9
3221,5
3222,4
3223,3
3224,2
3225,4
3226,9
3227,9
3228,2
3229,1
3230,0
3231,9
3232,3
3233,9
3234,5
3235,5
3236,9
3237,5
3238,9
3239,2
3240,9
3241,4
3242,9
3243,2
3244,9
3245,9
3246,9
3247,9
3248,2
3249,6
3250,3
3251,9
3252,9
3253,9
3254,0
3255,8
3256,9
3257,9
3258,9
3259,9
3260,9
3261,6
3262,0
3263,9
3264,9
3265,9
3266,3
3267,9
3268,2
3269,9
3270,5
3271,1
3272,10
3273,5
3274,9
3275,9
3276,2
3277,0
3278,9
3279,5
3280,2
3281,0
3282,5
3283,5
3284,5
3285,2
3286,3
3287,0
3288,1
3289,6
3290,6
3291,0
3292,9
3293,1
3294,5
3295,10
3296,9
3297,0
3298,9
3299,10
3300,5
3301,3
3302,5
3303,5
3304,9
3305,2
3306,9
3307,9
3308,9
3309,9
3310,9
3311,9
3312,1
3313,9
3314,9
3315,2
3316,3
3317,9
3318,9
3319,4
3320,3
3321,9
3322,9
3323,9
3324,4
3325,4
3326,2
3327,9
3328,9
3329,9
3330,1
3331,2
3332,8
3333,0
3334,9
3335,10
3336,2
3337,0
3338,9
3339,3
3340,4
3341,5
3342,5
3343,8
3344,9
3345,2
3346,2
3347,4
